epoch	loss	acc	val_loss	val_acc
0	1.705086	0.379525	1.399672	0.505900
1	1.330280	0.522875	1.223782	0.573000
2	1.182469	0.577500	1.052179	0.636700
3	1.092878	0.614400	1.000753	0.651200
4	1.025928	0.635525	0.963479	0.663900
5	0.974957	0.654100	0.897641	0.692000
6	0.917658	0.675050	0.892806	0.688400
7	0.885273	0.685900	0.860915	0.702000
8	0.841707	0.701350	0.840384	0.714200
9	0.808904	0.712750	0.804953	0.720600
10	0.779996	0.723925	0.789147	0.729200
11	0.748842	0.735200	0.796197	0.725500
12	0.728024	0.739400	0.781573	0.731300
13	0.699680	0.753025	0.790157	0.728400
14	0.669168	0.761975	0.752959	0.744400
15	0.650197	0.767900	0.751383	0.740300
16	0.630111	0.774575	0.767117	0.740100
17	0.603042	0.786125	0.739596	0.751600
18	0.589156	0.789250	0.758864	0.744300
19	0.561845	0.798975	0.740984	0.749600
20	0.545486	0.804225	0.775196	0.742400
21	0.526507	0.810150	0.764898	0.747800
22	0.517809	0.814425	0.772096	0.742600
23	0.505815	0.817950	0.753232	0.751700
24	0.489714	0.826025	0.763097	0.749900
25	0.477997	0.826750	0.766039	0.750300
26	0.458339	0.835925	0.772135	0.753200
27	0.452051	0.839525	0.749616	0.756900
28	0.439995	0.840400	0.781905	0.756700
29	0.433950	0.843950	0.767953	0.757900
30	0.420490	0.847350	0.784117	0.755600
31	0.416168	0.848825	0.773405	0.759000
32	0.400925	0.856700	0.801771	0.752200
33	0.397154	0.855850	0.779842	0.759500
34	0.381574	0.859600	0.802238	0.752000
35	0.380247	0.863300	0.809335	0.757500
36	0.377500	0.865200	0.792497	0.754100
37	0.364117	0.869500	0.821476	0.756400
38	0.367140	0.868225	0.814046	0.760900
39	0.354497	0.872550	0.790941	0.758400
40	0.342387	0.876350	0.809754	0.757700
41	0.342807	0.875875	0.817066	0.755500
42	0.336532	0.879700	0.824122	0.753000
43	0.331296	0.881475	0.834313	0.753500
44	0.319495	0.884975	0.842274	0.756000
45	0.323296	0.883825	0.821692	0.756500
46	0.316648	0.888300	0.836087	0.756100
47	0.314650	0.888025	0.848770	0.755100
48	0.309197	0.890475	0.843762	0.755800
49	0.308096	0.890575	0.847945	0.756200
50	0.296716	0.894425	0.882821	0.752200
51	0.294653	0.896700	0.863234	0.756000
52	0.290033	0.896525	0.863820	0.759400
53	0.293062	0.894650	0.864070	0.757300
54	0.289970	0.895400	0.905886	0.753100
55	0.282685	0.898725	0.895146	0.752500
56	0.281250	0.899225	0.876767	0.751900
57	0.281941	0.897675	0.870588	0.759700
58	0.268870	0.904725	0.880261	0.756700
59	0.270891	0.902050	0.883720	0.754500
60	0.269099	0.903275	0.883845	0.756500
61	0.271356	0.903675	0.873747	0.755800
62	0.263603	0.904750	0.909308	0.755700
63	0.261575	0.907225	0.902511	0.757300
64	0.257815	0.907075	0.955897	0.750000
65	0.257025	0.909600	0.900740	0.758800
66	0.256466	0.908000	0.916299	0.753800
67	0.255009	0.909125	0.935692	0.752400
68	0.257881	0.908075	0.957060	0.749800
69	0.249472	0.911250	0.914481	0.760300
70	0.249747	0.912200	0.925910	0.755600
71	0.252815	0.911125	0.918968	0.754900
72	0.245889	0.913350	0.942370	0.756700
73	0.252391	0.910750	0.922929	0.754000
74	0.242737	0.914900	0.943540	0.753700
75	0.238721	0.916200	0.984122	0.752600
76	0.238144	0.915175	0.950950	0.752200
77	0.234502	0.918475	0.939764	0.758100
78	0.230205	0.918975	0.973357	0.754800
79	0.229493	0.917900	0.969942	0.755400
80	0.231411	0.918275	0.949394	0.758500
81	0.230521	0.918375	0.942353	0.759800
82	0.227270	0.920400	0.975572	0.752500
83	0.228000	0.919700	0.966370	0.755600
84	0.226721	0.920050	0.945948	0.754200
85	0.224342	0.920850	0.986503	0.757500
86	0.224896	0.922425	0.992526	0.753400
87	0.220648	0.921750	0.993019	0.754900
88	0.221587	0.923575	0.975593	0.756800
89	0.212297	0.925850	1.002328	0.749000
90	0.211205	0.926200	0.991445	0.761200
91	0.212685	0.924200	0.998858	0.758300
92	0.209649	0.928675	0.954360	0.762500
93	0.217131	0.923475	1.002491	0.752400
94	0.214587	0.924875	0.998593	0.751200
95	0.211973	0.925750	0.964277	0.755900
96	0.217249	0.924550	0.962036	0.756600
97	0.210091	0.925250	0.980912	0.755000
98	0.203649	0.928625	0.994587	0.756800
99	0.205517	0.927925	0.985787	0.756100
100	0.205365	0.928375	0.969254	0.757100
101	0.205546	0.927475	0.966325	0.757600
102	0.203858	0.927850	0.987301	0.756600
103	0.198084	0.930550	0.999865	0.755600
104	0.197666	0.930925	0.997609	0.750100
105	0.203305	0.929700	1.012059	0.757300
106	0.196945	0.931200	0.995111	0.754400
107	0.193903	0.932450	1.016735	0.755500
108	0.201030	0.930975	1.019804	0.755400
109	0.189358	0.933450	1.015834	0.756200
110	0.195846	0.930600	1.048843	0.754500
111	0.194279	0.932300	1.012931	0.754300
112	0.191223	0.933275	1.020139	0.756500
113	0.203143	0.929575	0.994565	0.758300
114	0.184267	0.936125	1.024150	0.758000
115	0.191087	0.934000	1.031722	0.755200
116	0.197456	0.930825	1.023560	0.754600
117	0.193399	0.931925	1.025847	0.755700
118	0.191299	0.933125	1.020924	0.757500
119	0.182476	0.935300	1.039855	0.756500
120	0.187714	0.934800	1.031954	0.752800
121	0.189684	0.932450	1.050950	0.759500
122	0.185816	0.934725	1.026336	0.754400
123	0.188071	0.935300	1.027896	0.753500
124	0.181160	0.936225	1.036962	0.753100
125	0.188425	0.935000	1.004761	0.758700
126	0.189921	0.933925	1.042968	0.757600
127	0.178086	0.939100	1.017468	0.754800
128	0.179389	0.938875	1.054413	0.760000
129	0.175763	0.938950	1.045279	0.756100
130	0.181836	0.938050	1.026547	0.762200
131	0.184206	0.935800	1.046168	0.758900
132	0.183004	0.936425	1.050839	0.752000
133	0.175443	0.939325	1.043336	0.759500
134	0.181173	0.937950	1.052062	0.755500
135	0.176931	0.937325	1.030789	0.756600
136	0.176782	0.937700	1.046542	0.761300
137	0.179739	0.938125	1.058823	0.756100
138	0.175657	0.939275	1.051044	0.757600
139	0.175660	0.939425	1.023268	0.759400
140	0.171557	0.940075	1.046059	0.757600
141	0.171470	0.939775	1.040840	0.759700
142	0.175830	0.939425	1.034513	0.760700
143	0.173350	0.940625	1.016846	0.754000
144	0.168953	0.941400	1.067348	0.754600
145	0.170379	0.941750	1.078140	0.754700
146	0.166018	0.942050	1.083834	0.755000
147	0.168356	0.941375	1.058253	0.755000
148	0.168198	0.942725	1.035391	0.756000
149	0.165232	0.943550	1.077923	0.756000
150	0.164950	0.943750	1.035233	0.762200
151	0.176805	0.940150	1.038315	0.758500
152	0.168149	0.943000	1.052786	0.758700
153	0.170182	0.941850	1.069262	0.758600
154	0.161583	0.945250	1.058789	0.758300
155	0.168235	0.942275	1.093915	0.754600
156	0.162578	0.944200	1.077210	0.756200
157	0.171348	0.942175	1.057830	0.760800
158	0.167020	0.942300	1.065569	0.756200
159	0.167733	0.942475	1.059090	0.757500
160	0.161935	0.943775	1.048343	0.761600
161	0.162864	0.943050	1.043497	0.750200
162	0.158319	0.944250	1.077044	0.756300
163	0.158626	0.944825	1.079430	0.758900
164	0.164866	0.942475	1.037177	0.758800
165	0.156226	0.945400	1.086047	0.759000
166	0.161327	0.944425	1.069734	0.757200
167	0.160348	0.944150	1.114169	0.753500
168	0.153975	0.948475	1.037091	0.756800
169	0.161154	0.945025	1.034446	0.760500
170	0.158140	0.945625	1.071336	0.758500
171	0.153616	0.947450	1.084613	0.754500
172	0.158448	0.945650	1.080669	0.760100
173	0.157593	0.946650	1.072928	0.759700
174	0.161299	0.944175	1.050128	0.762000
175	0.160099	0.943600	1.036695	0.758400
176	0.157622	0.945575	1.066924	0.760500
177	0.157862	0.946925	1.080518	0.762100
178	0.156595	0.946425	1.053578	0.759400
179	0.148626	0.948725	1.057685	0.756300
180	0.151788	0.946925	1.042145	0.760000
181	0.160545	0.944700	1.101282	0.757100
182	0.157432	0.945700	1.093055	0.755300
183	0.153844	0.947125	1.051828	0.759100
184	0.160888	0.945125	1.083615	0.761000
185	0.156414	0.947000	1.043774	0.759000
186	0.155604	0.946300	1.067379	0.760400
187	0.150365	0.947975	1.076094	0.761500
188	0.148292	0.948875	1.088981	0.759600
189	0.153356	0.947200	1.062859	0.755200
190	0.150689	0.948100	1.075156	0.760100
191	0.156200	0.946625	1.145466	0.754800
192	0.148680	0.948825	1.111377	0.762100
193	0.152128	0.947200	1.080414	0.764300
194	0.157332	0.945850	1.074546	0.759200
195	0.148319	0.949400	1.098579	0.756200
196	0.147500	0.950050	1.066471	0.762600
197	0.145572	0.950750	1.083711	0.751800
198	0.145258	0.950550	1.111114	0.758500
199	0.141661	0.951700	1.106380	0.760900
200	0.152589	0.947775	1.098893	0.757400
201	0.148246	0.948150	1.082406	0.760000
202	0.146985	0.949525	1.118332	0.758300
203	0.145431	0.949325	1.127626	0.756100
204	0.147156	0.949125	1.095935	0.761400
205	0.146259	0.950800	1.092277	0.760900
206	0.142297	0.952375	1.113484	0.760900
207	0.145450	0.950775	1.096467	0.762500
208	0.143395	0.950050	1.129760	0.764400
209	0.141347	0.951250	1.083550	0.755500
210	0.148449	0.950375	1.120826	0.754100
211	0.150119	0.949275	1.070399	0.758100
212	0.134386	0.954450	1.101820	0.760900
213	0.144907	0.950175	1.097481	0.756500
214	0.141490	0.951850	1.093108	0.757900
215	0.137928	0.952900	1.104847	0.755000
216	0.144738	0.950425	1.115723	0.757700
217	0.141561	0.951425	1.141991	0.754500
218	0.139922	0.951775	1.108031	0.759500
219	0.140883	0.950550	1.104386	0.753700
220	0.141094	0.952225	1.105087	0.761000
221	0.137371	0.953450	1.115999	0.759700
222	0.140926	0.952350	1.152921	0.754200
223	0.144023	0.950250	1.089144	0.761400
224	0.144225	0.950650	1.103767	0.760600
225	0.141080	0.951275	1.137550	0.758400
226	0.147988	0.949150	1.100152	0.759100
227	0.137588	0.953275	1.151500	0.759300
228	0.142951	0.952200	1.082240	0.760300
229	0.139904	0.953150	1.137255	0.761100
230	0.142167	0.951700	1.066797	0.765000
231	0.141705	0.951000	1.085767	0.765100
232	0.137065	0.953300	1.118018	0.757700
233	0.139075	0.952950	1.114897	0.760700
234	0.140159	0.951825	1.090619	0.762600
235	0.138442	0.953375	1.142473	0.753500
236	0.135497	0.953700	1.112322	0.757600
237	0.135053	0.954225	1.187052	0.757600
238	0.135626	0.953400	1.133459	0.761600
239	0.135783	0.952850	1.152902	0.760000
240	0.140125	0.952125	1.131126	0.760200
241	0.147040	0.950925	1.107871	0.756400
242	0.136446	0.954450	1.106379	0.761000
243	0.131186	0.954775	1.137613	0.760800
244	0.137245	0.952975	1.091659	0.759300
245	0.133467	0.954350	1.103834	0.762300
246	0.138366	0.952750	1.088745	0.757800
247	0.132491	0.955550	1.100319	0.761200
248	0.136252	0.953275	1.111832	0.760500
249	0.134567	0.954475	1.150824	0.760000
250	0.131797	0.955050	1.129608	0.761400
251	0.127414	0.956725	1.100059	0.759300
252	0.130747	0.956175	1.108777	0.762600
253	0.128734	0.956400	1.095555	0.761600
254	0.131209	0.955275	1.158660	0.755200
255	0.136575	0.953650	1.090432	0.763700
256	0.138358	0.953175	1.131760	0.761000
257	0.132613	0.954800	1.123759	0.763700
258	0.128904	0.954725	1.102635	0.756600
259	0.131484	0.955100	1.145648	0.761100
260	0.133282	0.954950	1.138843	0.760200
261	0.131023	0.954925	1.139264	0.757800
262	0.134220	0.955625	1.124344	0.753600
263	0.126177	0.957450	1.142846	0.758000
264	0.134978	0.954250	1.149370	0.759200
265	0.130150	0.956100	1.162377	0.752000
266	0.132346	0.954775	1.112682	0.761400
267	0.122307	0.959875	1.126461	0.756100
268	0.128353	0.956400	1.122344	0.761500
269	0.126821	0.956350	1.120233	0.758700
270	0.136039	0.955150	1.096781	0.759300
271	0.130006	0.955600	1.171804	0.755200
272	0.127675	0.957750	1.142823	0.757800
273	0.131119	0.956550	1.126828	0.761400
274	0.133624	0.954350	1.124513	0.759500
275	0.124449	0.958400	1.185577	0.763800
276	0.125180	0.957050	1.175811	0.761600
277	0.125327	0.957175	1.164854	0.758100
278	0.131464	0.955825	1.163424	0.765200
279	0.130874	0.956250	1.129501	0.762500
280	0.124298	0.957925	1.116092	0.761500
281	0.126897	0.957625	1.140389	0.762900
282	0.127617	0.957300	1.110687	0.764100
283	0.129294	0.958200	1.092011	0.759500
284	0.121847	0.958725	1.175360	0.756700
285	0.124402	0.957125	1.120767	0.762600
286	0.124028	0.958525	1.157680	0.756700
287	0.122933	0.958650	1.109171	0.759300
288	0.125360	0.958125	1.158977	0.760300
289	0.128158	0.955925	1.220464	0.751100
290	0.132735	0.955225	1.133174	0.767000
291	0.127578	0.955900	1.138594	0.758500
292	0.124313	0.957100	1.178061	0.761700
293	0.130094	0.956500	1.127316	0.761700
294	0.129958	0.956200	1.131169	0.758500
295	0.129252	0.957250	1.114642	0.766200
296	0.122580	0.959125	1.155149	0.762900
297	0.123903	0.959625	1.116459	0.756600
298	0.124477	0.957650	1.134500	0.763500
299	0.129039	0.956325	1.143812	0.763200
